val_loss=0.6915135979652405
val_accuracy=0.5454545617103577
